Subject:	S203
Project:	glassroutes
Time:	2015-01-20_13-37-11

Matlab_now	Increasing Marker	BoxyTime	Marker	A-DC1	A-DC2	A-DC3	A-DC4	A-DC5	A-DC6	A-DC7	A-DC8	B-DC1	B-DC2	B-DC3	B-DC4	B-DC5	B-DC6	B-DC7	B-DC8
49031.404	0	2714.748	0	2049.000	409.400	65.830	16.290	1804.000	337.800	48.770	8.605	196.800	32.370	6.581	2.216	357.300	73.750	16.950	6.494	
49031.572	0	2714.832	0	2058.000	411.200	65.500	16.410	1815.000	338.700	47.760	8.618	197.600	32.410	6.674	2.209	359.800	74.470	17.140	6.580	
49031.684	0	2714.916	0	2064.000	416.500	65.980	16.620	1801.000	339.000	48.380	8.473	200.300	32.550	6.655	2.214	358.400	74.190	16.790	6.439	
49031.798	0	2715.042	0	2039.000	407.300	64.140	16.020	1805.000	337.000	48.020	8.468	198.200	32.480	6.498	2.208	353.900	73.420	16.710	6.387	
49031.909	0	2715.126	0	2036.000	407.700	64.360	15.920	1811.000	335.800	48.040	8.486	196.300	32.380	6.578	2.202	354.900	73.620	16.720	6.381	
49031.922	0	2715.209	0	2019.000	408.900	64.830	16.060	1791.000	337.800	47.680	8.417	196.100	32.410	6.633	2.209	354.400	73.320	16.890	6.459	
49032.027	0	2715.272	0	2034.000	406.000	65.150	16.130	1796.000	333.700	47.580	8.496	196.800	32.200	6.523	2.199	353.700	73.750	16.750	6.424	
49032.140	0	2715.356	0	2034.000	411.400	64.450	16.260	1794.000	337.100	47.960	8.483	195.900	32.310	6.559	2.184	355.500	73.700	16.780	6.463	
49032.153	0	2715.440	0	2055.000	414.400	64.600	16.150	1813.000	338.700	47.900	8.561	196.300	32.220	6.595	2.211	358.500	74.400	16.860	6.525	
49032.258	0	2715.525	0	2053.000	411.800	65.840	16.470	1811.000	339.300	48.120	8.590	196.400	32.170	6.662	2.230	360.600	75.110	17.320	6.678	
49032.336	0	2715.609	0	2085.000	412.900	65.930	16.530	1829.000	340.000	48.090	8.545	198.100	32.600	6.621	2.238	362.100	75.220	17.370	6.582	
49032.377	0	2715.693	0	2080.000	418.900	65.720	16.220	1827.000	338.200	47.270	8.480	199.800	32.350	6.634	2.233	359.100	74.150	16.850	6.459	
49032.475	0	2715.777	0	2061.000	407.000	65.080	16.120	1821.000	336.800	47.720	8.493	197.600	32.010	6.519	2.183	353.100	74.100	16.790	6.401	
49032.591	0	2715.861	0	2056.000	405.300	64.670	15.880	1822.000	334.400	48.120	8.518	197.000	32.010	6.555	2.190	352.600	73.010	16.670	6.319	
49032.690	0	2715.924	0	2043.000	406.200	64.480	16.020	1820.000	337.100	47.970	8.489	197.600	31.860	6.572	2.168	352.200	73.280	16.710	6.396	
49032.790	0	2716.029	0	2044.000	406.900	64.480	15.940	1810.000	338.200	48.140	8.408	196.300	31.980	6.547	2.189	351.300	73.120	16.730	6.364	
49032.803	0	2716.092	0	2049.000	403.900	64.630	16.060	1813.000	336.100	47.600	8.577	192.900	31.890	6.602	2.179	351.000	73.230	16.720	6.390	
49032.908	0	2716.176	0	2066.000	404.700	65.410	16.180	1829.000	335.900	48.320	8.498	194.500	31.900	6.565	2.190	353.300	73.500	16.950	6.407	
49033.015	0	2716.302	0	2055.000	409.700	64.630	16.280	1826.000	339.200	48.010	8.522	197.100	32.180	6.579	2.187	356.500	73.860	16.930	6.406	
49033.115	0	2716.387	0	2048.000	412.400	66.160	16.290	1829.000	335.200	48.010	8.475	196.200	32.320	6.586	2.193	354.400	73.510	16.860	6.309	
49033.231	0	2716.471	0	2047.000	405.900	63.510	15.900	1813.000	333.900	47.740	8.370	197.000	31.910	6.495	2.168	350.000	72.020	16.400	6.253	
49033.336	0	2716.555	0	2004.000	401.600	64.180	15.850	1818.000	335.400	47.870	8.411	193.500	31.810	6.516	2.164	348.500	72.000	16.410	6.237	
49033.349	0	2716.638	0	2005.000	402.900	63.900	15.990	1810.000	336.200	47.880	8.482	195.200	31.910	6.459	2.152	348.900	72.100	16.320	6.278	
49033.454	0	2716.722	0	2024.000	401.600	63.840	15.760	1801.000	335.100	47.630	8.453	193.500	31.840	6.412	2.130	348.100	72.180	16.330	6.210	
49033.550	0	2716.785	0	2014.000	400.900	64.380	15.920	1793.000	335.400	47.500	8.428	194.000	31.670	6.440	2.152	348.500	71.960	16.520	6.257	
49033.651	0	2716.890	0	2019.000	401.400	63.980	16.200	1813.000	337.500	47.650	8.523	193.400	31.840	6.459	2.169	349.100	72.690	16.520	6.357	
49033.664	0	2716.953	0	2024.000	404.400	64.190	16.110	1799.000	336.500	47.780	8.521	195.300	31.860	6.518	2.192	352.400	72.820	16.580	6.401	
49033.769	0	2717.037	0	2018.000	407.100	64.200	16.190	1803.000	336.700	48.260	8.555	196.100	32.080	6.555	2.165	354.000	72.900	16.710	6.346	
49033.881	0	2717.121	0	2030.000	402.000	64.000	15.960	1805.000	336.600	47.300	8.381	196.900	31.840	6.426	2.170	346.900	71.540	16.380	6.209	
49033.988	0	2717.205	0	1987.000	396.900	63.260	15.620	1794.000	333.400	47.650	8.419	192.500	31.510	6.392	2.136	344.800	71.590	16.170	6.125	
49034.000	0	2717.289	0	2002.000	398.100	62.990	15.760	1801.000	334.800	47.790	8.513	194.500	31.540	6.420	2.143	346.000	71.930	16.250	6.216	
49034.092	0	2717.373	0	2013.000	399.100	63.310	15.860	1789.000	333.100	48.220	8.526	193.300	31.560	6.424	2.142	345.600	71.460	16.200	6.165	
49034.197	0	2717.500	0	2016.000	397.800	64.400	15.740	1797.000	333.700	47.950	8.471	195.700	31.480	6.438	2.148	345.300	71.270	16.290	6.176	
49034.285	0	2717.563	0	1995.000	397.000	64.480	15.820	1796.000	334.600	47.560	8.478	193.400	31.580	6.427	2.135	346.700	72.050	16.350	6.232	
49034.299	0	2717.647	0	2010.000	403.700	63.770	15.900	1802.000	336.600	47.840	8.491	195.100	31.650	6.475	2.139	349.800	72.500	16.450	6.283	
49034.447	0	2717.752	0	1998.000	401.000	64.810	16.050	1804.000	336.800	47.610	8.550	194.800	31.810	6.495	2.161	349.000	72.510	16.430	6.214	
49034.460	0	2717.815	0	1990.000	398.600	63.050	15.620	1789.000	333.400	47.980	8.443	190.600	31.550	6.423	2.143	344.200	71.080	16.050	6.138	
49034.636	0	2717.899	0	1989.000	391.400	63.190	15.490	1784.000	332.200	47.980	8.446	193.400	31.590	6.388	2.128	342.200	70.920	16.100	6.134	
49034.732	0	2717.983	0	1987.000	394.700	62.790	15.630	1792.000	333.700	47.500	8.485	195.900	31.620	6.369	2.157	343.100	70.870	16.130	6.135	
49034.745	0	2718.067	0	2002.000	396.900	63.400	15.760	1800.000	334.800	47.400	8.499	192.300	31.530	6.426	2.164	343.000	70.580	16.160	6.122	
49034.864	0	2718.150	0	1991.000	395.600	63.190	15.660	1793.000	334.000	47.210	8.518	193.000	31.590	6.450	2.155	342.600	71.000	16.120	6.142	
49034.966	0	2718.234	0	1997.000	401.200	63.740	15.860	1779.000	335.200	48.280	8.514	194.600	31.690	6.416	2.173	344.300	71.480	16.140	6.200	
49035.066	0	2718.318	0	2000.000	396.900	64.410	15.770	1793.000	336.800	48.050	8.510	197.200	31.750	6.467	2.164	347.300	71.580	16.330	6.180	
49035.179	0	2718.402	0	2009.000	403.800	63.540	15.770	1787.000	335.100	47.900	8.408	194.700	31.840	6.439	2.162	344.700	70.430	16.090	6.182	
49035.192	0	2718.465	0	1981.000	396.000	62.680	15.450	1792.000	335.100	47.860	8.390	194.100	31.490	6.462	2.132	341.500	70.000	15.920	6.069	
49035.301	0	2718.571	0	1965.000	396.900	62.200	15.570	1784.000	337.400	47.540	8.494	190.500	31.510	6.433	2.141	338.100	69.450	15.780	6.025	
49035.413	0	2718.676	0	1992.000	394.700	63.030	15.290	1793.000	333.400	47.630	8.544	195.700	31.270	6.372	2.155	338.900	68.920	15.800	6.008	
49035.525	0	2718.760	0	1975.000	395.600	62.560	15.620	1776.000	333.600	47.690	8.579	190.900	31.390	6.447	2.149	336.200	69.180	15.890	6.030	
49035.537	0	2718.844	0	1977.000	390.400	62.600	15.590	1782.000	334.100	47.460	8.572	192.300	31.680	6.471	2.173	340.300	69.880	15.930	6.102	
49035.640	0	2718.928	0	1981.000	395.200	63.680	15.610	1793.000	335.900	48.280	8.553	196.300	31.680	6.543	2.167	342.600	70.710	16.180	6.112	
49035.741	0	2719.012	0	1982.000	398.900	63.820	15.830	1791.000	335.400	48.010	8.542	195.600	31.970	6.494	2.195	344.900	71.130	16.230	6.163	
49035.841	0	2719.096	0	2000.000	400.900	64.430	15.850	1784.000	338.000	48.000	8.556	196.900	32.050	6.537	2.170	344.900	70.490	15.890	6.115	
49035.906	0	2719.179	0	1974.000	392.500	62.080	15.680	1791.000	335.100	48.130	8.466	194.100	31.810	6.518	2.155	340.700	69.500	15.740	6.051	
49035.918	0	2719.263	0	1951.000	392.600	61.980	15.360	1797.000	336.100	47.720	8.509	194.800	31.790	6.486	2.168	338.000	69.180	15.740	5.959	
49036.024	0	2719.326	0	1961.000	392.800	61.670	15.190	1784.000	335.700	48.450	8.514	194.900	31.700	6.483	2.151	339.300	68.830	15.740	6.026	
49036.129	0	2719.431	0	1964.000	392.300	62.150	15.470	1800.000	336.400	47.550	8.573	194.400	31.650	6.505	2.157	338.700	69.770	15.830	6.000	
49036.241	0	2719.494	0	1968.000	390.900	62.000	15.400	1792.000	337.700	48.060	8.458	193.800	31.500	6.469	2.150	340.900	69.670	15.930	6.053	
49036.313	0	2719.578	0	1973.000	396.000	62.180	15.460	1793.000	335.700	48.590	8.506	193.400	31.870	6.496	2.178	342.000	70.430	15.880	6.122	
49036.325	0	2719.663	0	1985.000	400.100	63.140	15.490	1797.000	338.300	48.340	8.585	193.500	31.770	6.555	2.155	343.900	70.490	16.160	6.175	
49036.388	0	2719.747	0	2001.000	402.900	63.660	15.620	1805.000	339.600	48.780	8.623	196.500	31.830	6.530	2.180	345.900	71.200	16.260	6.235	
49036.551	0	2719.872	0	2016.000	403.200	63.940	15.710	1799.000	336.700	48.260	8.496	195.000	32.050	6.569	2.197	347.300	70.970	16.220	6.167	
49036.652	0	2719.956	0	1981.000	398.600	62.420	15.370	1796.000	337.300	47.780	8.504	196.300	31.820	6.572	2.168	344.100	71.510	16.030	6.164	
49036.753	0	2720.040	0	1979.000	394.600	61.670	15.410	1793.000	336.000	48.190	8.572	198.300	32.180	6.567	2.184	345.900	70.930	16.030	6.132	
49036.853	0	2720.103	0	1990.000	394.000	62.080	15.340	1806.000	335.800	47.750	8.670	200.400	32.000	6.633	2.199	345.300	70.810	15.970	6.189	
49036.865	0	2720.187	0	1992.000	393.700	62.150	15.420	1803.000	339.200	48.430	8.562	200.000	32.120	6.586	2.199	344.300	70.660	16.080	6.133	
49036.992	0	2720.292	0	1982.000	398.200	62.490	15.700	1812.000	337.100	48.300	8.601	197.100	32.150	6.596	2.202	345.500	71.150	16.230	6.231	
49037.005	0	2720.355	0	1985.000	398.000	62.810	15.470	1805.000	338.500	47.900	8.600	200.100	32.310	6.620	2.209	347.400	71.610	16.460	6.234	
49037.179	0	2720.439	0	2014.000	405.500	63.950	15.740	1806.000	340.700	48.630	8.580	197.500	32.490	6.591	2.209	349.800	72.280	16.360	6.285	
49037.276	0	2720.523	0	2010.000	398.500	63.310	15.760	1797.000	339.700	48.400	8.711	198.700	32.590	6.734	2.225	352.700	73.200	16.540	6.375	
49037.288	0	2720.607	0	2026.000	403.700	63.730	15.820	1808.000	341.000	48.940	8.620	199.500	32.520	6.682	2.252	355.100	73.450	16.650	6.408	
49037.388	0	2720.692	0	2023.000	409.400	64.500	15.870	1823.000	337.300	48.260	8.639	200.900	32.630	6.689	2.245	357.900	74.140	16.910	6.447	
49037.489	0	2720.776	0	2032.000	407.700	62.860	15.790	1805.000	339.900	47.960	8.533	198.300	32.750	6.650	2.246	354.400	73.230	16.350	6.296	
49037.589	0	2720.860	0	2010.000	401.300	63.340	15.520	1815.000	337.600	47.800	8.557	200.800	32.730	6.625	2.214	351.700	72.670	16.440	6.269	
49037.692	0	2720.944	0	2007.000	403.000	63.180	15.630	1802.000	338.300	47.850	8.663	200.200	32.390	6.676	2.206	352.400	72.320	16.510	6.254	
49037.792	0	2721.049	0	2020.000	402.400	63.590	15.790	1819.000	341.200	48.470	8.571	199.600	32.660	6.635	2.188	353.000	72.020	16.360	6.255	
49037.856	0	2721.154	0	2027.000	403.800	63.700	15.740	1814.000	341.300	48.390	8.589	198.500	32.550	6.658	2.218	352.800	72.770	16.510	6.329	
49037.868	0	2721.217	0	2036.000	405.100	63.440	15.790	1806.000	338.300	48.480	8.644	199.000	32.610	6.729	2.228	353.600	73.260	16.600	6.391	
49037.996	0	2721.300	0	2044.000	411.400	64.180	15.750	1819.000	341.200	48.740	8.667	200.500	32.370	6.662	2.260	358.800	74.080	16.810	6.466	
49038.098	0	2721.384	0	2041.000	408.100	64.590	16.080	1816.000	342.400	48.730	8.659	201.200	32.650	6.671	2.243	358.800	74.440	16.890	6.482	
49038.198	0	2721.468	0	2052.000	411.800	64.600	16.210	1822.000	341.600	48.800	8.695	199.100	32.870	6.721	2.233	361.800	75.050	17.030	6.516	
49038.299	0	2721.552	0	2049.000	410.600	64.930	16.100	1836.000	341.600	48.810	8.664	203.200	32.850	6.699	2.260	360.300	74.200	16.840	6.391	
49038.371	0	2721.636	0	2044.000	410.900	63.480	15.600	1823.000	340.600	48.470	8.590	200.800	32.810	6.648	2.236	357.000	73.690	16.610	6.421	
49038.412	0	2721.720	0	2029.000	407.700	63.430	15.730	1806.000	339.800	48.550	8.559	199.300	32.670	6.615	2.217	355.900	74.100	16.800	6.362	
49038.508	0	2721.784	0	2019.000	404.200	64.200	15.850	1812.000	341.400	48.800	8.591	200.300	32.750	6.673	2.250	357.300	74.380	16.690	6.445	
49038.609	0	2721.868	0	2007.000	409.100	63.990	15.740	1807.000	340.400	48.330	8.556	198.500	32.930	6.681	2.240	358.100	73.780	16.910	6.402	
49038.709	0	2721.973	0	2035.000	409.200	63.470	15.930	1820.000	339.400	48.680	8.544	201.000	32.700	6.771	2.230	358.600	74.130	16.800	6.463	
49038.722	0	2722.036	0	2058.000	410.700	64.550	16.120	1813.000	342.100	48.750	8.673	198.400	32.720	6.712	2.233	361.500	74.640	16.940	6.458	
49038.832	0	2722.120	0	2056.000	413.300	64.660	15.990	1818.000	341.700	48.250	8.583	200.400	33.060	6.686	2.240	362.300	74.960	17.240	6.556	
49038.932	0	2722.204	0	2050.000	411.700	65.370	16.110	1823.000	341.800	48.710	8.661	201.600	32.860	6.777	2.276	365.400	76.140	17.190	6.584	
49039.027	0	2722.330	0	2052.000	407.500	64.730	15.900	1821.000	341.200	47.980	8.493	201.900	32.840	6.709	2.244	359.200	74.180	16.840	6.398	
49039.143	0	2722.414	0	2032.000	409.400	63.060	15.660	1819.000	336.600	48.000	8.519	202.400	32.710	6.708	2.204	357.800	74.390	16.870	6.375	
49039.255	0	2722.498	0	2036.000	406.500	63.440	15.750	1828.000	338.300	48.230	8.538	199.000	32.730	6.663	2.227	358.000	74.130	16.760	6.420	
49039.357	0	2722.582	0	2043.000	407.100	63.610	15.770	1811.000	341.300	48.080	8.454	203.400	32.580	6.627	2.214	357.300	73.520	16.730	6.386	
49039.369	0	2722.646	0	2026.000	399.800	64.070	15.890	1823.000	339.200	48.190	8.508	200.700	32.850	6.681	2.209	357.300	73.990	16.900	6.443	
49039.479	0	2722.728	0	2026.000	405.100	63.810	15.790	1817.000	340.800	48.430	8.566	201.600	32.730	6.671	2.231	359.800	74.440	16.850	6.483	
49039.594	0	2722.834	0	2044.000	404.900	64.760	15.880	1810.000	341.800	48.340	8.529	203.800	32.740	6.734	2.241	362.700	74.890	17.190	6.532	
49039.607	0	2722.897	0	2038.000	406.200	64.460	15.910	1810.000	341.100	48.910	8.573	199.900	32.970	6.696	2.220	364.200	75.930	17.350	6.625	
49039.714	0	2722.981	0	2050.000	410.500	64.050	16.130	1828.000	338.700	47.950	8.465	201.900	33.110	6.719	2.249	364.500	75.540	17.170	6.527	
49039.826	0	2723.065	0	2043.000	406.400	63.200	15.570	1799.000	337.200	47.660	8.398	201.100	32.660	6.688	2.222	360.800	74.310	16.970	6.384	
49039.931	0	2723.149	0	2011.000	400.100	62.840	15.500	1805.000	337.900	48.200	8.391	199.800	32.830	6.705	2.234	357.000	74.260	16.710	6.388	
49039.954	0	2723.233	0	2013.000	401.600	62.910	15.440	1807.000	340.000	48.140	8.416	199.100	32.730	6.640	2.240	356.600	73.920	16.600	6.410	
49039.996	0	2723.317	0	2013.000	400.700	62.520	15.660	1803.000	335.900	47.760	8.428	198.900	32.740	6.700	2.229	356.600	73.850	16.660	6.386	
49040.099	0	2723.401	0	2016.000	399.000	62.960	15.560	1803.000	339.200	47.760	8.374	199.000	32.500	6.607	2.216	356.400	73.810	16.670	6.389	
49040.204	0	2723.506	0	2013.000	402.500	63.260	15.590	1811.000	336.000	48.240	8.515	200.700	32.550	6.721	2.225	357.500	74.030	16.990	6.479	
49040.304	0	2723.590	0	2025.000	404.000	63.660	15.700	1822.000	336.500	48.390	8.463	199.100	32.760	6.709	2.242	359.800	74.720	16.920	6.493	
49040.404	0	2723.674	0	2036.000	405.800	64.020	15.870	1830.000	340.700	48.460	8.570	201.900	32.760	6.684	2.233	362.200	74.900	17.130	6.572	
49040.505	0	2723.759	0	2054.000	407.000	64.500	16.140	1821.000	340.100	48.430	8.498	204.100	32.750	6.828	2.250	364.500	76.220	17.230	6.559	
49040.570	0	2723.843	0	2055.000	408.200	63.890	15.980	1823.000	341.000	48.200	8.426	199.200	32.540	6.736	2.263	360.100	74.530	16.860	6.446	
49040.583	0	2723.927	0	2032.000	403.400	63.280	15.720	1834.000	337.300	48.210	8.403	201.700	32.660	6.632	2.250	357.300	73.840	16.740	6.411	
49040.683	0	2724.011	0	2014.000	401.200	62.710	15.550	1829.000	338.900	48.060	8.452	201.600	32.410	6.664	2.218	354.900	73.680	16.720	6.403	
49040.791	0	2724.095	0	2003.000	405.600	64.050	15.750	1826.000	338.000	48.560	8.466	202.900	32.580	6.671	2.251	355.400	73.880	16.630	6.402	
49040.907	0	2724.178	0	2020.000	399.700	63.590	15.650	1819.000	341.000	48.050	8.530	199.100	32.500	6.612	2.226	355.700	73.680	16.620	6.369	
49040.991	0	2724.262	0	2027.000	405.400	64.200	15.760	1833.000	340.200	48.180	8.536	202.700	32.620	6.707	2.245	356.600	73.960	16.800	6.445	
49041.004	0	2724.325	0	2027.000	403.800	64.370	15.820	1834.000	340.100	48.650	8.563	197.300	32.720	6.675	2.232	357.900	74.520	16.890	6.567	
49041.107	0	2724.409	0	2036.000	407.500	64.580	16.080	1833.000	341.900	48.330	8.632	199.800	32.740	6.731	2.263	361.300	75.150	17.120	6.561	
49041.207	0	2724.493	0	2064.000	408.100	65.360	16.080	1842.000	343.400	49.230	8.520	200.000	32.800	6.718	2.241	363.500	75.370	17.260	6.608	
49041.307	0	2724.577	0	2049.000	411.900	65.400	16.390	1839.000	340.000	49.280	8.604	200.200	33.030	6.805	2.280	366.900	76.550	17.370	6.637	
49041.416	0	2724.703	0	2058.000	406.000	64.490	15.900	1841.000	340.700	48.170	8.465	202.000	32.960	6.691	2.265	359.900	74.560	16.950	6.466	
49041.532	0	2724.788	0	2039.000	406.800	64.200	15.780	1830.000	338.400	48.510	8.522	203.500	32.790	6.732	2.241	357.000	74.040	16.740	6.367	
49041.631	0	2724.872	0	2044.000	402.300	63.900	15.770	1834.000	341.300	48.500	8.579	199.200	32.620	6.689	2.235	356.900	73.970	16.810	6.441	
49041.643	0	2724.935	0	2031.000	404.700	63.910	15.830	1841.000	342.700	48.370	8.582	198.900	32.570	6.707	2.260	357.800	74.320	16.770	6.423	
49041.751	0	2725.040	0	2039.000	404.100	64.710	15.860	1844.000	338.900	48.880	8.568	198.300	32.450	6.661	2.264	356.400	74.370	16.950	6.460	
49041.851	0	2725.124	0	2041.000	403.600	64.470	15.950	1837.000	337.700	48.710	8.611	196.900	32.440	6.682	2.276	358.700	74.130	17.040	6.511	
49041.864	0	2725.187	0	2049.000	403.700	65.270	15.980	1827.000	342.200	48.780	8.682	198.900	32.830	6.703	2.257	360.000	75.050	16.970	6.547	
49041.984	0	2725.271	0	2056.000	411.500	65.480	16.230	1839.000	342.300	49.110	8.666	203.300	32.800	6.658	2.256	362.600	75.330	17.320	6.613	
49042.084	0	2725.355	0	2054.000	411.900	64.850	16.330	1852.000	342.900	49.080	8.675	201.400	32.940	6.809	2.291	366.000	76.160	17.310	6.593	
49042.185	0	2725.439	0	2050.000	412.000	64.560	16.020	1841.000	338.400	48.850	8.584	202.500	33.110	6.704	2.234	358.300	74.910	17.030	6.548	
49042.254	0	2725.523	0	2036.000	406.200	64.060	15.960	1849.000	342.400	48.880	8.559	201.400	32.840	6.722	2.269	357.400	74.120	16.730	6.460	
49042.266	0	2725.606	0	2044.000	403.200	64.800	16.130	1838.000	341.600	49.290	8.575	197.600	32.580	6.718	2.263	358.200	74.630	17.100	6.483	
49042.395	0	2725.690	0	2055.000	406.800	64.820	15.980	1842.000	340.900	48.970	8.590	202.200	32.780	6.694	2.260	358.500	74.660	16.850	6.474	
49042.487	0	2725.774	0	2033.000	405.800	64.730	16.020	1831.000	342.900	49.000	8.565	199.000	32.810	6.741	2.256	358.200	74.100	16.940	6.513	
49042.566	0	2725.901	0	2050.000	409.500	64.180	16.250	1842.000	340.700	49.210	8.611	200.200	32.790	6.753	2.254	359.500	74.360	17.090	6.520	
49042.630	0	2725.985	0	2053.000	410.800	65.290	16.210	1846.000	343.800	48.770	8.710	200.400	32.900	6.662	2.274	363.000	75.440	17.130	6.554	
49042.747	0	2726.048	0	2071.000	414.800	65.920	16.190	1848.000	340.900	48.470	8.772	201.200	32.950	6.805	2.271	365.400	76.110	17.500	6.703	
49042.844	0	2726.132	0	2064.000	415.900	64.820	16.250	1842.000	344.000	48.960	8.674	200.600	32.920	6.772	2.295	360.800	74.700	17.160	6.532	
49042.945	0	2726.216	0	2046.000	406.400	64.110	16.000	1851.000	340.100	48.710	8.634	199.000	32.510	6.683	2.245	357.900	74.330	16.940	6.470	
49043.061	0	2726.300	0	2059.000	406.600	64.810	15.940	1845.000	342.300	48.880	8.680	201.000	32.810	6.732	2.240	356.300	73.850	16.950	6.426	
49043.163	0	2726.384	0	2049.000	411.100	65.140	16.090	1834.000	343.700	49.580	8.648	199.900	32.680	6.667	2.274	356.900	74.240	16.960	6.511	
49043.176	0	2726.468	0	2048.000	406.800	65.000	16.050	1840.000	342.300	49.090	8.652	200.600	32.560	6.702	2.278	356.600	74.400	16.900	6.460	
49043.281	0	2726.552	0	2048.000	410.900	65.610	15.990	1850.000	342.800	48.670	8.690	197.500	32.740	6.733	2.267	358.700	74.540	16.990	6.502	
49043.378	0	2726.636	0	2062.000	412.100	65.880	16.250	1847.000	345.600	49.220	8.681	202.500	32.770	6.787	2.278	360.300	74.820	17.230	6.558	
49043.440	0	2726.721	0	2061.000	413.400	65.360	16.480	1833.000	341.000	49.080	8.719	204.300	32.830	6.754	2.271	361.500	75.100	17.290	6.640	
49043.452	0	2726.805	0	2061.000	415.700	66.350	16.340	1864.000	342.700	49.380	8.606	203.600	32.960	6.784	2.270	363.800	75.700	17.120	6.531	
49043.851	0	2727.161	0	2051.000	406.900	1.403	-0.307	-10.550	-0.407	-0.054	-0.005	199.100	32.470	0.316	-0.100	-0.972	-0.187	-0.058	-0.025	
49043.961	0	2727.245	0	-0.509	-0.158	-0.029	-0.008	-0.278	-0.047	-0.019	-0.003	-1.636	-0.051	-0.027	-0.015	-0.206	-0.128	-0.053	-0.024	
49044.062	0	2727.329	0	-0.292	-0.100	-0.023	-0.007	-0.163	-0.037	-0.022	-0.003	-1.540	-0.050	-0.026	-0.014	-0.193	-0.127	-0.051	-0.024	
49044.259	0	2727.581	0	-0.159	1.113	0.444	0.051	5.622	1.076	0.140	0.024	-1.478	-0.049	-0.026	-0.012	1.064	0.247	0.038	0.010	
49044.360	0	2727.665	0	6.241	1.174	0.183	0.045	5.525	1.038	0.137	0.024	-0.421	0.117	0.009	-0.002	1.608	0.251	0.036	0.009	
49044.457	0	2727.728	0	6.131	1.169	0.179	0.045	5.601	1.035	0.138	0.024	-0.448	0.117	0.008	-0.002	1.607	0.245	0.034	0.009	
49044.745	0	2728.065	0	203.700	40.690	6.403	1.591	184.100	34.130	4.910	0.868	32.820	5.469	1.127	0.378	59.640	12.360	2.783	1.070	
49044.844	0	2728.149	0	204.000	40.720	6.468	1.612	185.300	34.330	4.911	0.875	32.980	5.459	1.129	0.380	59.860	12.430	2.824	1.073	
49044.941	0	2728.233	0	204.800	40.900	6.480	1.610	185.300	34.360	4.957	0.873	33.110	5.532	1.139	0.378	60.070	12.480	2.855	1.085	
49045.180	0	2728.506	0	813.200	176.800	27.860	6.886	793.000	147.400	21.090	3.698	32.130	2.491	4.193	1.625	253.700	52.150	11.950	4.580	
49045.284	0	2728.589	0	874.700	174.700	27.600	6.797	794.500	146.400	21.080	3.729	139.700	23.160	4.781	1.624	251.600	51.850	11.810	4.537	
49045.400	0	2728.673	0	886.300	172.600	27.470	6.836	795.100	147.200	21.090	3.741	142.300	23.190	4.808	1.618	250.400	52.030	11.810	4.517	
49045.623	0	2728.926	0	533.700	209.100	59.740	14.690	1695.000	316.700	45.700	8.024	142.100	23.220	3.394	1.558	463.100	110.800	25.160	9.762	
49045.720	0	2729.010	0	1917.000	376.500	60.130	14.940	1721.000	320.100	46.040	8.126	302.900	49.270	10.270	3.491	467.100	110.800	25.330	9.691	
49045.836	0	2729.094	0	1903.000	379.400	60.120	15.120	1710.000	322.000	45.820	8.155	300.800	49.700	10.280	3.510	469.600	112.000	25.600	9.756	
49046.029	0	2729.346	0	1919.000	383.700	61.320	15.400	821.200	441.400	69.470	12.050	129.200	25.580	4.896	1.666	259.200	53.460	12.210	4.638	
49046.120	0	2729.409	0	2894.000	574.300	90.440	22.540	2559.000	475.900	68.480	12.100	145.100	23.180	4.816	1.641	251.300	52.290	11.920	4.543	
49046.229	0	2729.535	0	2882.000	573.100	90.220	22.220	2555.000	477.500	68.530	12.020	141.500	23.060	4.785	1.624	248.600	51.990	11.870	4.492	
49046.452	0	2729.788	0	2853.000	384.800	68.850	15.900	1851.000	338.800	48.300	8.555	140.500	22.820	4.826	1.601	251.500	52.280	12.040	3.968	
49046.565	0	2729.872	0	2031.000	405.400	64.540	16.010	1842.000	343.900	49.130	8.610	150.700	28.000	5.906	1.986	306.600	64.180	14.630	5.608	
49046.665	0	2729.956	0	2046.000	412.200	65.070	16.280	1836.000	343.000	49.740	8.540	173.800	28.270	5.831	1.983	308.900	64.010	14.750	5.637	
49046.864	0	2730.186	0	2072.000	412.900	66.070	16.590	1839.000	341.500	48.910	8.593	176.800	22.920	6.805	2.378	370.400	76.990	17.680	6.748	
49046.965	0	2730.270	0	2058.000	411.300	65.320	16.100	1841.000	341.100	48.490	8.593	207.500	33.690	6.991	2.355	366.100	76.560	17.530	6.663	
49047.062	0	2730.354	0	2058.000	403.200	64.790	16.070	1845.000	340.600	48.480	8.516	204.500	33.690	6.898	2.315	364.900	76.620	17.470	6.723	
49047.288	0	2730.606	0	2050.000	410.500	64.730	16.240	1832.000	342.600	48.840	8.557	174.600	28.330	5.898	1.916	323.800	67.140	15.580	5.949	
49047.457	0	2730.732	0	2045.000	411.500	64.620	16.390	1841.000	340.300	49.180	8.617	183.500	29.900	6.160	2.058	326.100	67.900	15.590	6.036	
49047.556	0	2730.817	0	2047.000	412.000	65.620	16.370	1854.000	341.200	49.070	8.575	182.000	29.790	6.159	2.102	326.100	68.160	15.730	6.064	
49047.718	0	2731.048	0	2056.000	411.400	65.680	16.090	1845.000	342.900	48.520	8.501	183.600	29.760	5.862	2.154	340.200	70.760	16.270	6.172	
49047.805	0	2731.132	0	2055.000	408.000	64.840	16.180	1834.000	339.100	48.960	8.519	190.300	30.930	6.431	2.166	339.100	70.460	16.230	6.233	
49047.910	0	2731.216	0	2047.000	410.600	64.820	16.120	1850.000	341.600	48.770	8.539	192.700	30.950	6.370	2.156	340.400	70.440	16.340	6.266	
49048.146	0	2731.467	0	2053.000	408.300	65.310	16.350	1839.000	339.700	48.510	8.509	181.500	32.250	6.703	2.233	356.400	74.240	17.040	6.570	
49048.261	0	2731.551	0	2087.000	413.400	65.560	16.390	1838.000	342.100	48.550	8.502	198.800	32.610	6.728	2.284	359.000	75.350	17.080	6.686	
49048.361	0	2731.635	0	2077.000	417.400	66.770	16.620	1849.000	341.400	49.010	8.516	200.600	32.590	6.716	2.230	361.300	75.760	17.350	6.707	
49048.586	0	2731.909	0	2061.000	407.800	63.930	16.080	1843.000	339.200	48.170	8.496	200.900	30.940	6.421	2.134	338.600	70.780	16.140	6.242	
49048.686	0	2731.993	0	2024.000	407.800	65.000	16.070	1843.000	338.000	48.100	8.441	188.900	30.890	6.378	2.129	337.300	70.260	16.150	6.197	
49048.787	0	2732.077	0	2069.000	406.400	64.590	16.130	1833.000	338.600	49.000	8.448	189.900	30.950	6.302	2.109	337.800	70.280	16.210	6.202	
49048.889	0	2732.161	0	2056.000	411.000	65.770	16.250	1842.000	338.900	48.630	8.439	187.500	30.910	6.355	2.145	338.600	70.720	16.160	6.269	
49048.989	0	2732.245	0	2060.000	410.200	64.860	16.250	1841.000	340.900	48.260	8.519	189.600	30.860	6.350	2.138	339.800	71.080	16.220	6.337	
49049.002	0	2732.329	0	2064.000	413.400	65.510	16.350	1844.000	340.600	48.150	8.458	190.000	31.180	6.391	2.163	341.800	71.050	16.450	6.380	
49049.123	0	2732.413	0	2080.000	408.700	66.250	16.550	1835.000	343.800	48.260	8.557	190.800	31.140	6.375	2.141	344.400	72.240	16.610	6.437	
49049.239	0	2732.497	0	2076.000	414.800	66.160	16.320	1850.000	340.800	48.030	8.561	192.400	31.150	6.396	2.135	341.400	71.270	16.290	6.223	
49049.252	0	2732.560	0	2036.000	406.100	64.340	16.110	1843.000	341.600	48.010	8.491	191.200	30.950	6.358	2.143	336.100	70.550	16.250	6.218	
49049.354	0	2732.644	0	2042.000	405.900	64.350	15.900	1856.000	336.800	48.230	8.411	188.700	30.750	6.346	2.130	335.000	69.630	16.030	6.182	
49049.450	0	2732.728	0	2032.000	408.900	64.140	15.960	1849.000	339.400	48.420	8.479	187.100	30.710	6.346	2.141	334.400	69.930	15.920	6.174	
49049.464	0	2732.811	0	2030.000	408.300	64.650	15.980	1847.000	337.900	48.080	8.468	188.400	30.950	6.324	2.130	335.200	69.660	15.980	6.126	
49049.579	0	2732.895	0	2060.000	407.200	63.840	16.170	1845.000	338.800	48.330	8.584	189.600	30.640	6.305	2.103	335.300	69.890	16.040	6.206	
49049.690	0	2732.980	0	2049.000	408.400	64.880	16.180	1831.000	340.400	48.570	8.471	188.400	30.830	6.361	2.118	336.200	69.810	15.950	6.221	
49049.790	0	2733.064	0	2059.000	411.300	64.720	16.250	1835.000	340.900	48.590	8.560	188.600	31.000	6.352	2.142	339.600	70.670	16.180	6.319	
49049.885	0	2733.190	0	2058.000	407.000	65.620	16.420	1847.000	341.300	48.380	8.517	191.300	31.010	6.447	2.152	340.600	70.710	16.310	6.340	
49049.999	0	2733.274	0	2086.000	409.700	67.020	16.420	1848.000	342.400	48.710	8.573	190.500	31.200	6.381	2.149	343.800	71.620	16.480	6.361	
49050.069	0	2733.337	0	2061.000	415.200	65.690	16.660	1847.000	341.400	49.050	8.549	190.800	31.240	6.453	2.143	344.400	72.240	16.620	6.383	
49050.082	0	2733.421	0	2071.000	415.900	65.420	16.250	1834.000	341.100	48.110	8.453	192.400	31.240	6.406	2.136	340.600	70.350	16.090	6.228	
49050.147	0	2733.505	0	2055.000	410.200	65.090	16.120	1841.000	341.100	48.120	8.388	189.000	30.980	6.315	2.103	335.600	69.720	16.040	6.177	
49050.273	0	2733.589	0	2039.000	408.600	64.920	16.080	1845.000	340.200	48.200	8.466	189.300	30.900	6.319	2.114	334.400	69.740	16.030	6.150	
49050.367	0	2733.673	0	2060.000	408.600	65.460	16.010	1843.000	339.500	48.500	8.492	187.600	30.760	6.333	2.122	335.200	69.530	15.960	6.144	
49050.467	0	2733.757	0	2050.000	409.200	64.940	16.080	1839.000	342.300	47.880	8.431	190.200	30.830	6.368	2.122	333.200	69.650	15.910	6.166	
49050.569	0	2733.842	0	2042.000	406.700	64.850	16.240	1841.000	339.400	48.480	8.580	187.200	30.910	6.364	2.123	335.300	69.920	16.080	6.127	
49050.685	0	2733.926	0	2062.000	408.800	65.640	16.170	1842.000	340.100	48.370	8.544	187.200	30.860	6.362	2.147	336.300	70.560	16.270	6.275	
49050.698	0	2734.010	0	2068.000	411.800	65.650	16.400	1839.000	341.100	49.340	8.524	187.400	30.940	6.314	2.121	339.000	70.860	16.130	6.260	
